
Sense HAT Test Program ...

10.557028595341533
16.830162545544443
20.010626001550605
21.509232756138946
22.294387054388615
22.484205879469904
22.511628038754562
22.395439797585826
22.391696510594706
22.448042329822535
22.715948263038506
22.50165853518572
22.47387791715036
22.42244626948392
22.375685607472636
22.43945481547539
22.45713068617989
22.35560527298629
22.419173460806444
22.390605008340717
22.426448139343233
22.392471716891876
22.443555017100618
22.33686678853747
22.192947861303118
22.064077602332414
21.845093136809737
21.687968703247012
21.66747994136077
21.500096928137577
21.25822701612239
21.151172598998965
20.947257635483545
20.663201845533692
20.412216433917934
20.111219118809505
19.64889028856313
19.355593359143306
19.066394552537005
18.825341691651065
18.304427262678512
17.977889004691328
17.531865561731795
17.158151683919233
16.726655436667567
16.27647379070251
15.76621324356997
15.282983317420952
14.884687595199395
14.349832814871391
13.912017170257393
13.406075089966814
12.99172414483694
12.60225832140593
12.098136928057494
11.663503376075248
11.254666103732484
10.764278270551808
10.362414910242686
9.992647065811894
9.53118154483495
9.156955490532553
8.791178358957454
8.36453431775371
8.09260401151096
7.80547812314581
7.467640694594342
7.117910959572593
6.861405039405134
6.6750001738490266
6.37310890743467
6.066055714192713
5.913824766238866
5.707015979239842
5.504344666254261
5.24009031171938
5.070443686242867
4.860401765999831
4.634570226333009
4.508695260270949
4.319755003040164
4.203785510595359
4.023398568593518
3.9220518946989937
3.7615825294529848
3.6100583355281395
3.6065966363472026
3.4660792335058104
3.397221210824413
3.29041683974581
3.238470408124903
3.073879074449516
2.9914409998872475
2.8802885919618797
2.8866616221490653
2.8986816470241283
2.7200532540973716
2.6323061325007755
2.5237970308840034
2.52218287782221
