
Sense HAT Test Program ...

-5.174379496985883
15.263778103885635
20.14554654684296
25.209164266047964
38.89872743439911
28.885408552328748
46.32358681596987
28.863901485138477
44.4313031209242
46.831946276005226
50.83834702017344
56.59313277776255
50.07459508025449
56.54522699508567
56.16870534274284
58.41566789122392
64.07038954378108
54.3461936158203
51.81622203093397
40.20017294201293
47.6200699513459
45.900846694116225
39.487147887864616
43.83003089784808
34.148554683225385
43.696152986105815
34.04248838963474
42.507355521169906
39.21810602668019
38.00556692667684
39.47953928483214
36.29273868107306
26.481301335558957
31.99740626165863
38.246111616569756
31.661622636658127
40.99635436487564
18.896586249867575
35.09664343406909
14.432375680883162
27.776487191506547
21.58601369039787
28.613075923923972
33.51134005617835
25.355664390550217
30.130106710714305
24.445169886357508
28.63379774889372
21.595503229966756
28.88290203809325
26.043288923330202
36.994227446424276
34.520488592068645
40.93771317878247
35.0527610333623
27.19603649522553
23.144925438548178
26.29623894752602
31.479622143580887
37.53768722806761
20.10878097192864
13.650578090236259
25.870080095979517
0.9922746451877413
14.233197869578014
0.822267048704052
16.53553812624382
0.16318213289033057
17.881127978828165
13.84228184439454
18.62472416993157
11.356738746570965
19.333672196466384
13.867696922203715
17.406482703612454
25.367162964751913
20.63759066729928
24.459056000061555
28.623740543058553
21.159353586603153
9.126244384774271
15.917653436065436
-3.4747129864985107
0.783533240172693
4.543654058893801
3.1067898485938756
1.034048558446941
10.529968201230929
4.3415807784477956
-2.3493297714283603
7.815049372429748
5.96958896213825
2.8073376799305176
7.762569830275805
-1.207784865631704
-3.1600306115399275
5.74421108141877
4.785456179561886
-5.016943038171551
-4.833081154219624
