
Sense HAT Test Program ...

-3.5246244977034182
-6.187927086216283
-8.032726526531908
-9.235451174388619
-9.945188150406228
-10.262133411616654
-10.41018916879364
-10.426846770665382
-10.373984101722982
-10.121610048789174
-9.869352042364412
-9.661425144359423
-9.399098567806956
-9.14286402089265
-8.900507968707291
-8.567518730985617
-8.24665264833388
-7.950525466927747
-7.599967382551359
-7.2765900392808245
-6.959370327054365
-6.6257787749026935
-6.232644156599628
-5.799223519673799
-5.3890874391190655
-5.0126199561840465
-4.588895080657397
-4.160895510417277
-3.7196082137252584
-3.276450572769963
-2.857835887835508
-2.4050979852350363
-1.950477387516889
-1.5052595216251545
-1.0541158662378356
-0.5906552124351622
-0.130206005886435
0.28795589476528494
0.7420165455444326
1.1463798598309236
1.5928511063890884
1.9816194581203237
2.3170404283349457
2.6763091086635016
3.0238890454206
3.3428143630708216
3.647674014866896
3.912626397398738
4.202606567741421
4.442384843827486
4.623874614335967
4.83334095238716
5.030353606217786
5.191994472008267
5.316423834711671
5.369835040143294
5.478215680513209
5.58793145099259
5.645168967577655
5.704627771396546
5.7345883021167605
5.811119079010327
5.832092291525409
5.861068227197215
5.8217882706189625
5.81665572297157
5.785328617273884
5.743383107496111
5.7030894517842095
5.694371544354972
5.711908322200978
5.651822531148154
5.537164301420921
5.488275782620703
5.424368237284578
5.3402724827586905
5.2629459499927735
5.189918314352494
5.182390389050192
5.145053810948414
5.117577650517165
5.0515372378791135
4.976224284317215
4.918801927419829
4.864798080633814
4.80946276531241
4.741125517455189
4.68356659341152
4.678213626023174
4.5857985610095335
4.570591633580176
4.466601047390363
4.468919096721114
4.425462283209149
4.455930267755561
4.3746364810501275
4.323099231589261
4.281264912034328
4.262647821066665
4.214198142908168
