
Sense HAT Test Program ...

-176.75004927351054
-174.7522635286432
-173.25847514271666
-172.03042236141485
-170.7869266885365
-169.54904111552142
-168.27300940809195
-167.00303318097622
-165.68321355122754
-164.34865625676053
-162.9513901895529
-161.53031911352272
-160.07542385862527
-158.58019185491958
-157.1087957145413
-155.60912257141317
-154.07406613855517
-152.47891824957313
-150.8241955056115
-149.1148688770188
-147.43474747665553
-145.6844943721374
-144.0024171667476
-142.27500000005733
-140.38992578840165
-138.56436139207943
-136.69830790925323
-134.88378955294988
-132.93724366582612
-131.03240372305098
-129.0936203475274
-127.11468107347572
-125.10703689617664
-123.18141378530855
-121.1564642968154
-119.269249245792
-117.28451885696366
-115.25600588198586
-113.2397824305832
-111.19754964387981
-109.25684687355593
-107.33567068295667
-105.49789242581507
-103.5353465341627
-101.66400971529295
-99.88359831602888
-98.07106642043695
-96.31032714022805
-94.55887794068909
-92.90244899318785
-91.26321739221022
-89.52630964380086
-87.90307048596418
-86.40026059086668
-84.9405125650222
-83.52668779805303
-82.10198031561472
-80.77565386904313
-79.53351109199248
-78.3207359108306
-77.20452702773599
-76.14270257621729
-75.06316630479145
-74.04480465284227
-72.97947216831328
-71.98060467789912
-71.05534037177506
-70.19841576462409
-69.39444849598493
-68.63902479366797
-67.85746893912011
-67.20229279486733
-66.46205796368329
-65.85034394544218
-65.24417475423562
-64.68623178519583
-64.09050906864934
-63.53477772880848
-63.0278645738758
-62.56407962217438
-62.11508964075328
-61.60666476371174
-61.20699539080871
-60.74834310937338
-60.40536044694909
-59.90776161235505
-59.57368528540238
-59.249924273144515
-58.896339835243694
-58.62419135386785
-58.38671218940436
-58.08582152562769
-57.86574413923559
-57.67530545110254
-57.42125111961811
-57.15727777346748
-56.9580477325563
-56.763229083478805
-56.45331808521735
-56.32704981083257
