
Sense HAT Test Program ...

-170.59725535684015
-168.9157401396341
-149.6365689430119
-146.7574674054336
-140.641687417861
-121.53987924388582
-106.915726163648
-112.51095353271756
-96.73348904951987
-95.39324552837442
-76.32742250404543
-76.6571591819289
-68.77447906235153
-60.997023554228605
-67.68292692077497
-46.96315214334008
-47.44161062558003
-42.967642855750384
-31.700976237132288
-42.47233781861954
-21.363772935362284
-36.570370987056116
-25.363987458006847
-18.392270243333748
-32.66546682208974
-16.503816655522627
-26.986124967863088
-19.50743017810328
-15.673851347307172
-24.088684310816156
-7.755163383214325
-24.260347712329317
-11.53352125018813
-16.164366142343294
-23.72141698153719
-2.935324746389721
-19.721891472903014
-6.542312719751018
-16.574159324968623
-22.818637448263978
-7.183756977805292
-19.092334650282893
-10.77292074115716
-19.408200043125444
-25.91402014261669
-14.95904494922252
-29.395012096600006
-18.382246295040343
-22.022544877308945
-16.043591349239826
-15.37347596697885
-16.992106902278252
0.4160986444083642
-4.115210823778768
-1.6552250303043547
-1.859483517229862
7.4122616773580114
7.7381862065190505
-8.329824791892936
13.39739393107156
1.1826904437363441
4.852939018913203
11.617333362569429
1.2236870734532383
13.012092151346119
11.364752122713503
10.50711438639824
15.332508483134747
11.510240347394642
28.842312413656533
26.18609378683933
13.191713845297548
23.95108829166651
14.01526828728038
7.418810695328192
12.687542702792985
11.239880876907508
26.079676305576164
12.349370262993958
-3.594283662677913
5.581551248687254
6.529712726318312
13.561118106158279
11.168896737952739
-0.27264744487457193
2.2220469433509895
2.363441122553265
7.597075912745575
9.743253168128321
-6.8390797586251075
12.62868564173075
8.548064234907635
17.898389220441224
13.241548467224355
3.8502291713985306
25.998759877735942
26.629234362244105
41.56695051848153
39.66356361337165
44.28887918391744
